000000000000000000000000000000
000000000000000000000000000000
000000000000000000000000000000
000000000000000000000000000000
000000000000000000000000000000
000000000000000000000000000000
000001100001100001111111100000
000001100001100001111111100000
000001100001100000001100000000
000001100001100000001100000000
000001100001100000001100000000
000001100001100000001100000000
000001100001100000001100000000
000001100001100000001100000000
000001111111100000001100000000
000001111111100000001100000000
000001100001100000001100000000
000001100001100000001100000000
000001100001100000001100000000
000001100001100000001100000000
000001100001100000001100000000
000001100001100000001100000000
000001100001100001111111100000
000001100001100001111111100000
000000000000000000000000000000
000000000000000000000000000000
000000000000000000000000000000
000000000000000000000000000000
000000000000000000000000000000
000000000000000000000000000000